50
100
32768 32768
31768 32768
30768 32768
29768 32768
28768 32768
27768 32768
26768 32768
25768 32768
24768 32768
23768 32768
22768 32768
21768 32768
20768 32768
19768 32768
18768 32768
17768 32768
16768 32768
15768 32768
14768 32768
13768 32768
12768 32768
11768 32768
10768 32768
9768 32768
8768 32768
7768 32768
6768 32768
5768 32768
4768 32768
3768 32768
2768 32768
1768 32768
768 32768
-232 32768
-1232 32768
-2232 32768
-3232 32768
-4232 32768
-5232 32768
-6232 32768
-7232 32768
-8232 32768
-9232 32768
-10232 32768
-11232 32768
-12232 32768
-13232 32768
-14232 32768
-15232 32768
-16232 32768
-17232 32768
-18232 32768
-19232 32768
-20232 32768
-21232 32768
-22232 32768
-23232 32768
-24232 32768
-25232 32768
-26232 32768
-27232 32768
-28232 32768
-29232 32768
-30232 32768
-31232 32768
-32232 32768
-33232 32768
-34232 32768
-35232 32768
-36232 32768
-37232 32768
-38232 32768
-39232 32768
-40232 32768
-41232 32768
-42232 32768
-43232 32768
-44232 32768
-45232 32768
-46232 32768
-47232 32768
-48232 32768
-49232 32768
-50232 32768
-51232 32768
-52232 32768
-53232 32768
-54232 32768
-55232 32768
-56232 32768
-57232 32768
-58232 32768
-59232 32768
-60232 32768
-61232 32768
-62232 32768
-63232 32768
-64232 32768
-65232 32768
-66232 32768
-67232 32768
-68232 32768
100
32768 32768
31768 32768
30768 32768
29768 32768
28768 32768
27768 32768
26768 32768
25768 32768
24768 32768
23768 32768
22768 32768
21768 32768
20768 32768
19768 32768
18768 32768
17768 32768
16768 32768
15768 32768
14768 32768
13768 32768
12768 32768
11768 32768
10768 32768
9768 32768
8768 32768
7768 32768
6768 32768
5768 32768
4768 32768
3768 32768
2768 32768
1768 32768
768 32768
-232 32768
-1232 32768
-2232 32768
-3232 32768
-4232 32768
-5232 32768
-6232 32768
-7232 32768
-8232 32768
-9232 32768
-10232 32768
-11232 32768
-12232 32768
-13232 32768
-14232 32768
-15232 32768
-16232 32768
-17232 32768
-18232 32768
-19232 32768
-20232 32768
-21232 32768
-22232 32768
-23232 32768
-24232 32768
-25232 32768
-26232 32768
-27232 32768
-28232 32768
-29232 32768
-30232 32768
-31232 32768
-32232 32768
-33232 32768
-34232 32768
-35232 32768
-36232 32768
-37232 32768
-38232 32768
-39232 32768
-40232 32768
-41232 32768
-42232 32768
-43232 32768
-44232 32768
-45232 32768
-46232 32768
-47232 32768
-48232 32768
-49232 32768
-50232 32768
-51232 32768
-52232 32768
-53232 32768
-54232 32768
-55232 32768
-56232 32768
-57232 32768
-58232 32768
-59232 32768
-60232 32768
-61232 32768
-62232 32768
-63232 32768
-64232 32768
-65232 32768
-66232 32768
-67232 32768
-68232 32768
100
32768 32768
31768 32768
30768 32768
29768 32768
28768 32768
27768 32768
26768 32768
25768 32768
24768 32768
23768 32768
22768 32768
21768 32768
20768 32768
19768 32768
18768 32768
17768 32768
16768 32768
15768 32768
14768 32768
13768 32768
12768 32768
11768 32768
10768 32768
9768 32768
8768 32768
7768 32768
6768 32768
5768 32768
4768 32768
3768 32768
2768 32768
1768 32768
768 32768
-232 32768
-1232 32768
-2232 32768
-3232 32768
-4232 32768
-5232 32768
-6232 32768
-7232 32768
-8232 32768
-9232 32768
-10232 32768
-11232 32768
-12232 32768
-13232 32768
-14232 32768
-15232 32768
-16232 32768
-17232 32768
-18232 32768
-19232 32768
-20232 32768
-21232 32768
-22232 32768
-23232 32768
-24232 32768
-25232 32768
-26232 32768
-27232 32768
-28232 32768
-29232 32768
-30232 32768
-31232 32768
-32232 32768
-33232 32768
-34232 32768
-35232 32768
-36232 32768
-37232 32768
-38232 32768
-39232 32768
-40232 32768
-41232 32768
-42232 32768
-43232 32768
-44232 32768
-45232 32768
-46232 32768
-47232 32768
-48232 32768
-49232 32768
-50232 32768
-51232 32768
-52232 32768
-53232 32768
-54232 32768
-55232 32768
-56232 32768
-57232 32768
-58232 32768
-59232 32768
-60232 32768
-61232 32768
-62232 32768
-63232 32768
-64232 32768
-65232 32768
-66232 32768
-67232 32768
-68232 32768
100
32768 32768
31768 32768
30768 32768
29768 32768
28768 32768
27768 32768
26768 32768
25768 32768
24768 32768
23768 32768
22768 32768
21768 32768
20768 32768
19768 32768
18768 32768
17768 32768
16768 32768
15768 32768
14768 32768
13768 32768
12768 32768
11768 32768
10768 32768
9768 32768
8768 32768
7768 32768
6768 32768
5768 32768
4768 32768
3768 32768
2768 32768
1768 32768
768 32768
-232 32768
-1232 32768
-2232 32768
-3232 32768
-4232 32768
-5232 32768
-6232 32768
-7232 32768
-8232 32768
-9232 32768
-10232 32768
-11232 32768
-12232 32768
-13232 32768
-14232 32768
-15232 32768
-16232 32768
-17232 32768
-18232 32768
-19232 32768
-20232 32768
-21232 32768
-22232 32768
-23232 32768
-24232 32768
-25232 32768
-26232 32768
-27232 32768
-28232 32768
-29232 32768
-30232 32768
-31232 32768
-32232 32768
-33232 32768
-34232 32768
-35232 32768
-36232 32768
-37232 32768
-38232 32768
-39232 32768
-40232 32768
-41232 32768
-42232 32768
-43232 32768
-44232 32768
-45232 32768
-46232 32768
-47232 32768
-48232 32768
-49232 32768
-50232 32768
-51232 32768
-52232 32768
-53232 32768
-54232 32768
-55232 32768
-56232 32768
-57232 32768
-58232 32768
-59232 32768
-60232 32768
-61232 32768
-62232 32768
-63232 32768
-64232 32768
-65232 32768
-66232 32768
-67232 32768
-68232 32768
100
32768 32768
31768 32768
30768 32768
29768 32768
28768 32768
27768 32768
26768 32768
25768 32768
24768 32768
23768 32768
22768 32768
21768 32768
20768 32768
19768 32768
18768 32768
17768 32768
16768 32768
15768 32768
14768 32768
13768 32768
12768 32768
11768 32768
10768 32768
9768 32768
8768 32768
7768 32768
6768 32768
5768 32768
4768 32768
3768 32768
2768 32768
1768 32768
768 32768
-232 32768
-1232 32768
-2232 32768
-3232 32768
-4232 32768
-5232 32768
-6232 32768
-7232 32768
-8232 32768
-9232 32768
-10232 32768
-11232 32768
-12232 32768
-13232 32768
-14232 32768
-15232 32768
-16232 32768
-17232 32768
-18232 32768
-19232 32768
-20232 32768
-21232 32768
-22232 32768
-23232 32768
-24232 32768
-25232 32768
-26232 32768
-27232 32768
-28232 32768
-29232 32768
-30232 32768
-31232 32768
-32232 32768
-33232 32768
-34232 32768
-35232 32768
-36232 32768
-37232 32768
-38232 32768
-39232 32768
-40232 32768
-41232 32768
-42232 32768
-43232 32768
-44232 32768
-45232 32768
-46232 32768
-47232 32768
-48232 32768
-49232 32768
-50232 32768
-51232 32768
-52232 32768
-53232 32768
-54232 32768
-55232 32768
-56232 32768
-57232 32768
-58232 32768
-59232 32768
-60232 32768
-61232 32768
-62232 32768
-63232 32768
-64232 32768
-65232 32768
-66232 32768
-67232 32768
-68232 32768
100
32768 32768
31768 32768
30768 32768
29768 32768
28768 32768
27768 32768
26768 32768
25768 32768
24768 32768
23768 32768
22768 32768
21768 32768
20768 32768
19768 32768
18768 32768
17768 32768
16768 32768
15768 32768
14768 32768
13768 32768
12768 32768
11768 32768
10768 32768
9768 32768
8768 32768
7768 32768
6768 32768
5768 32768
4768 32768
3768 32768
2768 32768
1768 32768
768 32768
-232 32768
-1232 32768
-2232 32768
-3232 32768
-4232 32768
-5232 32768
-6232 32768
-7232 32768
-8232 32768
-9232 32768
-10232 32768
-11232 32768
-12232 32768
-13232 32768
-14232 32768
-15232 32768
-16232 32768
-17232 32768
-18232 32768
-19232 32768
-20232 32768
-21232 32768
-22232 32768
-23232 32768
-24232 32768
-25232 32768
-26232 32768
-27232 32768
-28232 32768
-29232 32768
-30232 32768
-31232 32768
-32232 32768
-33232 32768
-34232 32768
-35232 32768
-36232 32768
-37232 32768
-38232 32768
-39232 32768
-40232 32768
-41232 32768
-42232 32768
-43232 32768
-44232 32768
-45232 32768
-46232 32768
-47232 32768
-48232 32768
-49232 32768
-50232 32768
-51232 32768
-52232 32768
-53232 32768
-54232 32768
-55232 32768
-56232 32768
-57232 32768
-58232 32768
-59232 32768
-60232 32768
-61232 32768
-62232 32768
-63232 32768
-64232 32768
-65232 32768
-66232 32768
-67232 32768
-68232 32768
100
32768 32768
31768 32768
30768 32768
29768 32768
28768 32768
27768 32768
26768 32768
25768 32768
24768 32768
23768 32768
22768 32768
21768 32768
20768 32768
19768 32768
18768 32768
17768 32768
16768 32768
15768 32768
14768 32768
13768 32768
12768 32768
11768 32768
10768 32768
9768 32768
8768 32768
7768 32768
6768 32768
5768 32768
4768 32768
3768 32768
2768 32768
1768 32768
768 32768
-232 32768
-1232 32768
-2232 32768
-3232 32768
-4232 32768
-5232 32768
-6232 32768
-7232 32768
-8232 32768
-9232 32768
-10232 32768
-11232 32768
-12232 32768
-13232 32768
-14232 32768
-15232 32768
-16232 32768
-17232 32768
-18232 32768
-19232 32768
-20232 32768
-21232 32768
-22232 32768
-23232 32768
-24232 32768
-25232 32768
-26232 32768
-27232 32768
-28232 32768
-29232 32768
-30232 32768
-31232 32768
-32232 32768
-33232 32768
-34232 32768
-35232 32768
-36232 32768
-37232 32768
-38232 32768
-39232 32768
-40232 32768
-41232 32768
-42232 32768
-43232 32768
-44232 32768
-45232 32768
-46232 32768
-47232 32768
-48232 32768
-49232 32768
-50232 32768
-51232 32768
-52232 32768
-53232 32768
-54232 32768
-55232 32768
-56232 32768
-57232 32768
-58232 32768
-59232 32768
-60232 32768
-61232 32768
-62232 32768
-63232 32768
-64232 32768
-65232 32768
-66232 32768
-67232 32768
-68232 32768
100
32768 32768
31768 32768
30768 32768
29768 32768
28768 32768
27768 32768
26768 32768
25768 32768
24768 32768
23768 32768
22768 32768
21768 32768
20768 32768
19768 32768
18768 32768
17768 32768
16768 32768
15768 32768
14768 32768
13768 32768
12768 32768
11768 32768
10768 32768
9768 32768
8768 32768
7768 32768
6768 32768
5768 32768
4768 32768
3768 32768
2768 32768
1768 32768
768 32768
-232 32768
-1232 32768
-2232 32768
-3232 32768
-4232 32768
-5232 32768
-6232 32768
-7232 32768
-8232 32768
-9232 32768
-10232 32768
-11232 32768
-12232 32768
-13232 32768
-14232 32768
-15232 32768
-16232 32768
-17232 32768
-18232 32768
-19232 32768
-20232 32768
-21232 32768
-22232 32768
-23232 32768
-24232 32768
-25232 32768
-26232 32768
-27232 32768
-28232 32768
-29232 32768
-30232 32768
-31232 32768
-32232 32768
-33232 32768
-34232 32768
-35232 32768
-36232 32768
-37232 32768
-38232 32768
-39232 32768
-40232 32768
-41232 32768
-42232 32768
-43232 32768
-44232 32768
-45232 32768
-46232 32768
-47232 32768
-48232 32768
-49232 32768
-50232 32768
-51232 32768
-52232 32768
-53232 32768
-54232 32768
-55232 32768
-56232 32768
-57232 32768
-58232 32768
-59232 32768
-60232 32768
-61232 32768
-62232 32768
-63232 32768
-64232 32768
-65232 32768
-66232 32768
-67232 32768
-68232 32768
100
32768 32768
31768 32768
30768 32768
29768 32768
28768 32768
27768 32768
26768 32768
25768 32768
24768 32768
23768 32768
22768 32768
21768 32768
20768 32768
19768 32768
18768 32768
17768 32768
16768 32768
15768 32768
14768 32768
13768 32768
12768 32768
11768 32768
10768 32768
9768 32768
8768 32768
7768 32768
6768 32768
5768 32768
4768 32768
3768 32768
2768 32768
1768 32768
768 32768
-232 32768
-1232 32768
-2232 32768
-3232 32768
-4232 32768
-5232 32768
-6232 32768
-7232 32768
-8232 32768
-9232 32768
-10232 32768
-11232 32768
-12232 32768
-13232 32768
-14232 32768
-15232 32768
-16232 32768
-17232 32768
-18232 32768
-19232 32768
-20232 32768
-21232 32768
-22232 32768
-23232 32768
-24232 32768
-25232 32768
-26232 32768
-27232 32768
-28232 32768
-29232 32768
-30232 32768
-31232 32768
-32232 32768
-33232 32768
-34232 32768
-35232 32768
-36232 32768
-37232 32768
-38232 32768
-39232 32768
-40232 32768
-41232 32768
-42232 32768
-43232 32768
-44232 32768
-45232 32768
-46232 32768
-47232 32768
-48232 32768
-49232 32768
-50232 32768
-51232 32768
-52232 32768
-53232 32768
-54232 32768
-55232 32768
-56232 32768
-57232 32768
-58232 32768
-59232 32768
-60232 32768
-61232 32768
-62232 32768
-63232 32768
-64232 32768
-65232 32768
-66232 32768
-67232 32768
-68232 32768
100
32768 32768
31768 32768
30768 32768
29768 32768
28768 32768
27768 32768
26768 32768
25768 32768
24768 32768
23768 32768
22768 32768
21768 32768
20768 32768
19768 32768
18768 32768
17768 32768
16768 32768
15768 32768
14768 32768
13768 32768
12768 32768
11768 32768
10768 32768
9768 32768
8768 32768
7768 32768
6768 32768
5768 32768
4768 32768
3768 32768
2768 32768
1768 32768
768 32768
-232 32768
-1232 32768
-2232 32768
-3232 32768
-4232 32768
-5232 32768
-6232 32768
-7232 32768
-8232 32768
-9232 32768
-10232 32768
-11232 32768
-12232 32768
-13232 32768
-14232 32768
-15232 32768
-16232 32768
-17232 32768
-18232 32768
-19232 32768
-20232 32768
-21232 32768
-22232 32768
-23232 32768
-24232 32768
-25232 32768
-26232 32768
-27232 32768
-28232 32768
-29232 32768
-30232 32768
-31232 32768
-32232 32768
-33232 32768
-34232 32768
-35232 32768
-36232 32768
-37232 32768
-38232 32768
-39232 32768
-40232 32768
-41232 32768
-42232 32768
-43232 32768
-44232 32768
-45232 32768
-46232 32768
-47232 32768
-48232 32768
-49232 32768
-50232 32768
-51232 32768
-52232 32768
-53232 32768
-54232 32768
-55232 32768
-56232 32768
-57232 32768
-58232 32768
-59232 32768
-60232 32768
-61232 32768
-62232 32768
-63232 32768
-64232 32768
-65232 32768
-66232 32768
-67232 32768
-68232 32768
100
32768 32768
31768 32768
30768 32768
29768 32768
28768 32768
27768 32768
26768 32768
25768 32768
24768 32768
23768 32768
22768 32768
21768 32768
20768 32768
19768 32768
18768 32768
17768 32768
16768 32768
15768 32768
14768 32768
13768 32768
12768 32768
11768 32768
10768 32768
9768 32768
8768 32768
7768 32768
6768 32768
5768 32768
4768 32768
3768 32768
2768 32768
1768 32768
768 32768
-232 32768
-1232 32768
-2232 32768
-3232 32768
-4232 32768
-5232 32768
-6232 32768
-7232 32768
-8232 32768
-9232 32768
-10232 32768
-11232 32768
-12232 32768
-13232 32768
-14232 32768
-15232 32768
-16232 32768
-17232 32768
-18232 32768
-19232 32768
-20232 32768
-21232 32768
-22232 32768
-23232 32768
-24232 32768
-25232 32768
-26232 32768
-27232 32768
-28232 32768
-29232 32768
-30232 32768
-31232 32768
-32232 32768
-33232 32768
-34232 32768
-35232 32768
-36232 32768
-37232 32768
-38232 32768
-39232 32768
-40232 32768
-41232 32768
-42232 32768
-43232 32768
-44232 32768
-45232 32768
-46232 32768
-47232 32768
-48232 32768
-49232 32768
-50232 32768
-51232 32768
-52232 32768
-53232 32768
-54232 32768
-55232 32768
-56232 32768
-57232 32768
-58232 32768
-59232 32768
-60232 32768
-61232 32768
-62232 32768
-63232 32768
-64232 32768
-65232 32768
-66232 32768
-67232 32768
-68232 32768
100
32768 32768
31768 32768
30768 32768
29768 32768
28768 32768
27768 32768
26768 32768
25768 32768
24768 32768
23768 32768
22768 32768
21768 32768
20768 32768
19768 32768
18768 32768
17768 32768
16768 32768
15768 32768
14768 32768
13768 32768
12768 32768
11768 32768
10768 32768
9768 32768
8768 32768
7768 32768
6768 32768
5768 32768
4768 32768
3768 32768
2768 32768
1768 32768
768 32768
-232 32768
-1232 32768
-2232 32768
-3232 32768
-4232 32768
-5232 32768
-6232 32768
-7232 32768
-8232 32768
-9232 32768
-10232 32768
-11232 32768
-12232 32768
-13232 32768
-14232 32768
-15232 32768
-16232 32768
-17232 32768
-18232 32768
-19232 32768
-20232 32768
-21232 32768
-22232 32768
-23232 32768
-24232 32768
-25232 32768
-26232 32768
-27232 32768
-28232 32768
-29232 32768
-30232 32768
-31232 32768
-32232 32768
-33232 32768
-34232 32768
-35232 32768
-36232 32768
-37232 32768
-38232 32768
-39232 32768
-40232 32768
-41232 32768
-42232 32768
-43232 32768
-44232 32768
-45232 32768
-46232 32768
-47232 32768
-48232 32768
-49232 32768
-50232 32768
-51232 32768
-52232 32768
-53232 32768
-54232 32768
-55232 32768
-56232 32768
-57232 32768
-58232 32768
-59232 32768
-60232 32768
-61232 32768
-62232 32768
-63232 32768
-64232 32768
-65232 32768
-66232 32768
-67232 32768
-68232 32768
100
32768 32768
31768 32768
30768 32768
29768 32768
28768 32768
27768 32768
26768 32768
25768 32768
24768 32768
23768 32768
22768 32768
21768 32768
20768 32768
19768 32768
18768 32768
17768 32768
16768 32768
15768 32768
14768 32768
13768 32768
12768 32768
11768 32768
10768 32768
9768 32768
8768 32768
7768 32768
6768 32768
5768 32768
4768 32768
3768 32768
2768 32768
1768 32768
768 32768
-232 32768
-1232 32768
-2232 32768
-3232 32768
-4232 32768
-5232 32768
-6232 32768
-7232 32768
-8232 32768
-9232 32768
-10232 32768
-11232 32768
-12232 32768
-13232 32768
-14232 32768
-15232 32768
-16232 32768
-17232 32768
-18232 32768
-19232 32768
-20232 32768
-21232 32768
-22232 32768
-23232 32768
-24232 32768
-25232 32768
-26232 32768
-27232 32768
-28232 32768
-29232 32768
-30232 32768
-31232 32768
-32232 32768
-33232 32768
-34232 32768
-35232 32768
-36232 32768
-37232 32768
-38232 32768
-39232 32768
-40232 32768
-41232 32768
-42232 32768
-43232 32768
-44232 32768
-45232 32768
-46232 32768
-47232 32768
-48232 32768
-49232 32768
-50232 32768
-51232 32768
-52232 32768
-53232 32768
-54232 32768
-55232 32768
-56232 32768
-57232 32768
-58232 32768
-59232 32768
-60232 32768
-61232 32768
-62232 32768
-63232 32768
-64232 32768
-65232 32768
-66232 32768
-67232 32768
-68232 32768
100
32768 32768
31768 32768
30768 32768
29768 32768
28768 32768
27768 32768
26768 32768
25768 32768
24768 32768
23768 32768
22768 32768
21768 32768
20768 32768
19768 32768
18768 32768
17768 32768
16768 32768
15768 32768
14768 32768
13768 32768
12768 32768
11768 32768
10768 32768
9768 32768
8768 32768
7768 32768
6768 32768
5768 32768
4768 32768
3768 32768
2768 32768
1768 32768
768 32768
-232 32768
-1232 32768
-2232 32768
-3232 32768
-4232 32768
-5232 32768
-6232 32768
-7232 32768
-8232 32768
-9232 32768
-10232 32768
-11232 32768
-12232 32768
-13232 32768
-14232 32768
-15232 32768
-16232 32768
-17232 32768
-18232 32768
-19232 32768
-20232 32768
-21232 32768
-22232 32768
-23232 32768
-24232 32768
-25232 32768
-26232 32768
-27232 32768
-28232 32768
-29232 32768
-30232 32768
-31232 32768
-32232 32768
-33232 32768
-34232 32768
-35232 32768
-36232 32768
-37232 32768
-38232 32768
-39232 32768
-40232 32768
-41232 32768
-42232 32768
-43232 32768
-44232 32768
-45232 32768
-46232 32768
-47232 32768
-48232 32768
-49232 32768
-50232 32768
-51232 32768
-52232 32768
-53232 32768
-54232 32768
-55232 32768
-56232 32768
-57232 32768
-58232 32768
-59232 32768
-60232 32768
-61232 32768
-62232 32768
-63232 32768
-64232 32768
-65232 32768
-66232 32768
-67232 32768
-68232 32768
100
32768 32768
31768 32768
30768 32768
29768 32768
28768 32768
27768 32768
26768 32768
25768 32768
24768 32768
23768 32768
22768 32768
21768 32768
20768 32768
19768 32768
18768 32768
17768 32768
16768 32768
15768 32768
14768 32768
13768 32768
12768 32768
11768 32768
10768 32768
9768 32768
8768 32768
7768 32768
6768 32768
5768 32768
4768 32768
3768 32768
2768 32768
1768 32768
768 32768
-232 32768
-1232 32768
-2232 32768
-3232 32768
-4232 32768
-5232 32768
-6232 32768
-7232 32768
-8232 32768
-9232 32768
-10232 32768
-11232 32768
-12232 32768
-13232 32768
-14232 32768
-15232 32768
-16232 32768
-17232 32768
-18232 32768
-19232 32768
-20232 32768
-21232 32768
-22232 32768
-23232 32768
-24232 32768
-25232 32768
-26232 32768
-27232 32768
-28232 32768
-29232 32768
-30232 32768
-31232 32768
-32232 32768
-33232 32768
-34232 32768
-35232 32768
-36232 32768
-37232 32768
-38232 32768
-39232 32768
-40232 32768
-41232 32768
-42232 32768
-43232 32768
-44232 32768
-45232 32768
-46232 32768
-47232 32768
-48232 32768
-49232 32768
-50232 32768
-51232 32768
-52232 32768
-53232 32768
-54232 32768
-55232 32768
-56232 32768
-57232 32768
-58232 32768
-59232 32768
-60232 32768
-61232 32768
-62232 32768
-63232 32768
-64232 32768
-65232 32768
-66232 32768
-67232 32768
-68232 32768
100
32768 32768
31768 32768
30768 32768
29768 32768
28768 32768
27768 32768
26768 32768
25768 32768
24768 32768
23768 32768
22768 32768
21768 32768
20768 32768
19768 32768
18768 32768
17768 32768
16768 32768
15768 32768
14768 32768
13768 32768
12768 32768
11768 32768
10768 32768
9768 32768
8768 32768
7768 32768
6768 32768
5768 32768
4768 32768
3768 32768
2768 32768
1768 32768
768 32768
-232 32768
-1232 32768
-2232 32768
-3232 32768
-4232 32768
-5232 32768
-6232 32768
-7232 32768
-8232 32768
-9232 32768
-10232 32768
-11232 32768
-12232 32768
-13232 32768
-14232 32768
-15232 32768
-16232 32768
-17232 32768
-18232 32768
-19232 32768
-20232 32768
-21232 32768
-22232 32768
-23232 32768
-24232 32768
-25232 32768
-26232 32768
-27232 32768
-28232 32768
-29232 32768
-30232 32768
-31232 32768
-32232 32768
-33232 32768
-34232 32768
-35232 32768
-36232 32768
-37232 32768
-38232 32768
-39232 32768
-40232 32768
-41232 32768
-42232 32768
-43232 32768
-44232 32768
-45232 32768
-46232 32768
-47232 32768
-48232 32768
-49232 32768
-50232 32768
-51232 32768
-52232 32768
-53232 32768
-54232 32768
-55232 32768
-56232 32768
-57232 32768
-58232 32768
-59232 32768
-60232 32768
-61232 32768
-62232 32768
-63232 32768
-64232 32768
-65232 32768
-66232 32768
-67232 32768
-68232 32768
100
32768 32768
31768 32768
30768 32768
29768 32768
28768 32768
27768 32768
26768 32768
25768 32768
24768 32768
23768 32768
22768 32768
21768 32768
20768 32768
19768 32768
18768 32768
17768 32768
16768 32768
15768 32768
14768 32768
13768 32768
12768 32768
11768 32768
10768 32768
9768 32768
8768 32768
7768 32768
6768 32768
5768 32768
4768 32768
3768 32768
2768 32768
1768 32768
768 32768
-232 32768
-1232 32768
-2232 32768
-3232 32768
-4232 32768
-5232 32768
-6232 32768
-7232 32768
-8232 32768
-9232 32768
-10232 32768
-11232 32768
-12232 32768
-13232 32768
-14232 32768
-15232 32768
-16232 32768
-17232 32768
-18232 32768
-19232 32768
-20232 32768
-21232 32768
-22232 32768
-23232 32768
-24232 32768
-25232 32768
-26232 32768
-27232 32768
-28232 32768
-29232 32768
-30232 32768
-31232 32768
-32232 32768
-33232 32768
-34232 32768
-35232 32768
-36232 32768
-37232 32768
-38232 32768
-39232 32768
-40232 32768
-41232 32768
-42232 32768
-43232 32768
-44232 32768
-45232 32768
-46232 32768
-47232 32768
-48232 32768
-49232 32768
-50232 32768
-51232 32768
-52232 32768
-53232 32768
-54232 32768
-55232 32768
-56232 32768
-57232 32768
-58232 32768
-59232 32768
-60232 32768
-61232 32768
-62232 32768
-63232 32768
-64232 32768
-65232 32768
-66232 32768
-67232 32768
-68232 32768
100
32768 32768
31768 32768
30768 32768
29768 32768
28768 32768
27768 32768
26768 32768
25768 32768
24768 32768
23768 32768
22768 32768
21768 32768
20768 32768
19768 32768
18768 32768
17768 32768
16768 32768
15768 32768
14768 32768
13768 32768
12768 32768
11768 32768
10768 32768
9768 32768
8768 32768
7768 32768
6768 32768
5768 32768
4768 32768
3768 32768
2768 32768
1768 32768
768 32768
-232 32768
-1232 32768
-2232 32768
-3232 32768
-4232 32768
-5232 32768
-6232 32768
-7232 32768
-8232 32768
-9232 32768
-10232 32768
-11232 32768
-12232 32768
-13232 32768
-14232 32768
-15232 32768
-16232 32768
-17232 32768
-18232 32768
-19232 32768
-20232 32768
-21232 32768
-22232 32768
-23232 32768
-24232 32768
-25232 32768
-26232 32768
-27232 32768
-28232 32768
-29232 32768
-30232 32768
-31232 32768
-32232 32768
-33232 32768
-34232 32768
-35232 32768
-36232 32768
-37232 32768
-38232 32768
-39232 32768
-40232 32768
-41232 32768
-42232 32768
-43232 32768
-44232 32768
-45232 32768
-46232 32768
-47232 32768
-48232 32768
-49232 32768
-50232 32768
-51232 32768
-52232 32768
-53232 32768
-54232 32768
-55232 32768
-56232 32768
-57232 32768
-58232 32768
-59232 32768
-60232 32768
-61232 32768
-62232 32768
-63232 32768
-64232 32768
-65232 32768
-66232 32768
-67232 32768
-68232 32768
100
32768 32768
31768 32768
30768 32768
29768 32768
28768 32768
27768 32768
26768 32768
25768 32768
24768 32768
23768 32768
22768 32768
21768 32768
20768 32768
19768 32768
18768 32768
17768 32768
16768 32768
15768 32768
14768 32768
13768 32768
12768 32768
11768 32768
10768 32768
9768 32768
8768 32768
7768 32768
6768 32768
5768 32768
4768 32768
3768 32768
2768 32768
1768 32768
768 32768
-232 32768
-1232 32768
-2232 32768
-3232 32768
-4232 32768
-5232 32768
-6232 32768
-7232 32768
-8232 32768
-9232 32768
-10232 32768
-11232 32768
-12232 32768
-13232 32768
-14232 32768
-15232 32768
-16232 32768
-17232 32768
-18232 32768
-19232 32768
-20232 32768
-21232 32768
-22232 32768
-23232 32768
-24232 32768
-25232 32768
-26232 32768
-27232 32768
-28232 32768
-29232 32768
-30232 32768
-31232 32768
-32232 32768
-33232 32768
-34232 32768
-35232 32768
-36232 32768
-37232 32768
-38232 32768
-39232 32768
-40232 32768
-41232 32768
-42232 32768
-43232 32768
-44232 32768
-45232 32768
-46232 32768
-47232 32768
-48232 32768
-49232 32768
-50232 32768
-51232 32768
-52232 32768
-53232 32768
-54232 32768
-55232 32768
-56232 32768
-57232 32768
-58232 32768
-59232 32768
-60232 32768
-61232 32768
-62232 32768
-63232 32768
-64232 32768
-65232 32768
-66232 32768
-67232 32768
-68232 32768
100
32768 32768
31768 32768
30768 32768
29768 32768
28768 32768
27768 32768
26768 32768
25768 32768
24768 32768
23768 32768
22768 32768
21768 32768
20768 32768
19768 32768
18768 32768
17768 32768
16768 32768
15768 32768
14768 32768
13768 32768
12768 32768
11768 32768
10768 32768
9768 32768
8768 32768
7768 32768
6768 32768
5768 32768
4768 32768
3768 32768
2768 32768
1768 32768
768 32768
-232 32768
-1232 32768
-2232 32768
-3232 32768
-4232 32768
-5232 32768
-6232 32768
-7232 32768
-8232 32768
-9232 32768
-10232 32768
-11232 32768
-12232 32768
-13232 32768
-14232 32768
-15232 32768
-16232 32768
-17232 32768
-18232 32768
-19232 32768
-20232 32768
-21232 32768
-22232 32768
-23232 32768
-24232 32768
-25232 32768
-26232 32768
-27232 32768
-28232 32768
-29232 32768
-30232 32768
-31232 32768
-32232 32768
-33232 32768
-34232 32768
-35232 32768
-36232 32768
-37232 32768
-38232 32768
-39232 32768
-40232 32768
-41232 32768
-42232 32768
-43232 32768
-44232 32768
-45232 32768
-46232 32768
-47232 32768
-48232 32768
-49232 32768
-50232 32768
-51232 32768
-52232 32768
-53232 32768
-54232 32768
-55232 32768
-56232 32768
-57232 32768
-58232 32768
-59232 32768
-60232 32768
-61232 32768
-62232 32768
-63232 32768
-64232 32768
-65232 32768
-66232 32768
-67232 32768
-68232 32768
100
32768 32768
31768 32768
30768 32768
29768 32768
28768 32768
27768 32768
26768 32768
25768 32768
24768 32768
23768 32768
22768 32768
21768 32768
20768 32768
19768 32768
18768 32768
17768 32768
16768 32768
15768 32768
14768 32768
13768 32768
12768 32768
11768 32768
10768 32768
9768 32768
8768 32768
7768 32768
6768 32768
5768 32768
4768 32768
3768 32768
2768 32768
1768 32768
768 32768
-232 32768
-1232 32768
-2232 32768
-3232 32768
-4232 32768
-5232 32768
-6232 32768
-7232 32768
-8232 32768
-9232 32768
-10232 32768
-11232 32768
-12232 32768
-13232 32768
-14232 32768
-15232 32768
-16232 32768
-17232 32768
-18232 32768
-19232 32768
-20232 32768
-21232 32768
-22232 32768
-23232 32768
-24232 32768
-25232 32768
-26232 32768
-27232 32768
-28232 32768
-29232 32768
-30232 32768
-31232 32768
-32232 32768
-33232 32768
-34232 32768
-35232 32768
-36232 32768
-37232 32768
-38232 32768
-39232 32768
-40232 32768
-41232 32768
-42232 32768
-43232 32768
-44232 32768
-45232 32768
-46232 32768
-47232 32768
-48232 32768
-49232 32768
-50232 32768
-51232 32768
-52232 32768
-53232 32768
-54232 32768
-55232 32768
-56232 32768
-57232 32768
-58232 32768
-59232 32768
-60232 32768
-61232 32768
-62232 32768
-63232 32768
-64232 32768
-65232 32768
-66232 32768
-67232 32768
-68232 32768
100
32768 32768
31768 32768
30768 32768
29768 32768
28768 32768
27768 32768
26768 32768
25768 32768
24768 32768
23768 32768
22768 32768
21768 32768
20768 32768
19768 32768
18768 32768
17768 32768
16768 32768
15768 32768
14768 32768
13768 32768
12768 32768
11768 32768
10768 32768
9768 32768
8768 32768
7768 32768
6768 32768
5768 32768
4768 32768
3768 32768
2768 32768
1768 32768
768 32768
-232 32768
-1232 32768
-2232 32768
-3232 32768
-4232 32768
-5232 32768
-6232 32768
-7232 32768
-8232 32768
-9232 32768
-10232 32768
-11232 32768
-12232 32768
-13232 32768
-14232 32768
-15232 32768
-16232 32768
-17232 32768
-18232 32768
-19232 32768
-20232 32768
-21232 32768
-22232 32768
-23232 32768
-24232 32768
-25232 32768
-26232 32768
-27232 32768
-28232 32768
-29232 32768
-30232 32768
-31232 32768
-32232 32768
-33232 32768
-34232 32768
-35232 32768
-36232 32768
-37232 32768
-38232 32768
-39232 32768
-40232 32768
-41232 32768
-42232 32768
-43232 32768
-44232 32768
-45232 32768
-46232 32768
-47232 32768
-48232 32768
-49232 32768
-50232 32768
-51232 32768
-52232 32768
-53232 32768
-54232 32768
-55232 32768
-56232 32768
-57232 32768
-58232 32768
-59232 32768
-60232 32768
-61232 32768
-62232 32768
-63232 32768
-64232 32768
-65232 32768
-66232 32768
-67232 32768
-68232 32768
100
32768 32768
31768 32768
30768 32768
29768 32768
28768 32768
27768 32768
26768 32768
25768 32768
24768 32768
23768 32768
22768 32768
21768 32768
20768 32768
19768 32768
18768 32768
17768 32768
16768 32768
15768 32768
14768 32768
13768 32768
12768 32768
11768 32768
10768 32768
9768 32768
8768 32768
7768 32768
6768 32768
5768 32768
4768 32768
3768 32768
2768 32768
1768 32768
768 32768
-232 32768
-1232 32768
-2232 32768
-3232 32768
-4232 32768
-5232 32768
-6232 32768
-7232 32768
-8232 32768
-9232 32768
-10232 32768
-11232 32768
-12232 32768
-13232 32768
-14232 32768
-15232 32768
-16232 32768
-17232 32768
-18232 32768
-19232 32768
-20232 32768
-21232 32768
-22232 32768
-23232 32768
-24232 32768
-25232 32768
-26232 32768
-27232 32768
-28232 32768
-29232 32768
-30232 32768
-31232 32768
-32232 32768
-33232 32768
-34232 32768
-35232 32768
-36232 32768
-37232 32768
-38232 32768
-39232 32768
-40232 32768
-41232 32768
-42232 32768
-43232 32768
-44232 32768
-45232 32768
-46232 32768
-47232 32768
-48232 32768
-49232 32768
-50232 32768
-51232 32768
-52232 32768
-53232 32768
-54232 32768
-55232 32768
-56232 32768
-57232 32768
-58232 32768
-59232 32768
-60232 32768
-61232 32768
-62232 32768
-63232 32768
-64232 32768
-65232 32768
-66232 32768
-67232 32768
-68232 32768
100
32768 32768
31768 32768
30768 32768
29768 32768
28768 32768
27768 32768
26768 32768
25768 32768
24768 32768
23768 32768
22768 32768
21768 32768
20768 32768
19768 32768
18768 32768
17768 32768
16768 32768
15768 32768
14768 32768
13768 32768
12768 32768
11768 32768
10768 32768
9768 32768
8768 32768
7768 32768
6768 32768
5768 32768
4768 32768
3768 32768
2768 32768
1768 32768
768 32768
-232 32768
-1232 32768
-2232 32768
-3232 32768
-4232 32768
-5232 32768
-6232 32768
-7232 32768
-8232 32768
-9232 32768
-10232 32768
-11232 32768
-12232 32768
-13232 32768
-14232 32768
-15232 32768
-16232 32768
-17232 32768
-18232 32768
-19232 32768
-20232 32768
-21232 32768
-22232 32768
-23232 32768
-24232 32768
-25232 32768
-26232 32768
-27232 32768
-28232 32768
-29232 32768
-30232 32768
-31232 32768
-32232 32768
-33232 32768
-34232 32768
-35232 32768
-36232 32768
-37232 32768
-38232 32768
-39232 32768
-40232 32768
-41232 32768
-42232 32768
-43232 32768
-44232 32768
-45232 32768
-46232 32768
-47232 32768
-48232 32768
-49232 32768
-50232 32768
-51232 32768
-52232 32768
-53232 32768
-54232 32768
-55232 32768
-56232 32768
-57232 32768
-58232 32768
-59232 32768
-60232 32768
-61232 32768
-62232 32768
-63232 32768
-64232 32768
-65232 32768
-66232 32768
-67232 32768
-68232 32768
100
32768 32768
31768 32768
30768 32768
29768 32768
28768 32768
27768 32768
26768 32768
25768 32768
24768 32768
23768 32768
22768 32768
21768 32768
20768 32768
19768 32768
18768 32768
17768 32768
16768 32768
15768 32768
14768 32768
13768 32768
12768 32768
11768 32768
10768 32768
9768 32768
8768 32768
7768 32768
6768 32768
5768 32768
4768 32768
3768 32768
2768 32768
1768 32768
768 32768
-232 32768
-1232 32768
-2232 32768
-3232 32768
-4232 32768
-5232 32768
-6232 32768
-7232 32768
-8232 32768
-9232 32768
-10232 32768
-11232 32768
-12232 32768
-13232 32768
-14232 32768
-15232 32768
-16232 32768
-17232 32768
-18232 32768
-19232 32768
-20232 32768
-21232 32768
-22232 32768
-23232 32768
-24232 32768
-25232 32768
-26232 32768
-27232 32768
-28232 32768
-29232 32768
-30232 32768
-31232 32768
-32232 32768
-33232 32768
-34232 32768
-35232 32768
-36232 32768
-37232 32768
-38232 32768
-39232 32768
-40232 32768
-41232 32768
-42232 32768
-43232 32768
-44232 32768
-45232 32768
-46232 32768
-47232 32768
-48232 32768
-49232 32768
-50232 32768
-51232 32768
-52232 32768
-53232 32768
-54232 32768
-55232 32768
-56232 32768
-57232 32768
-58232 32768
-59232 32768
-60232 32768
-61232 32768
-62232 32768
-63232 32768
-64232 32768
-65232 32768
-66232 32768
-67232 32768
-68232 32768
100
32768 32768
31768 32768
30768 32768
29768 32768
28768 32768
27768 32768
26768 32768
25768 32768
24768 32768
23768 32768
22768 32768
21768 32768
20768 32768
19768 32768
18768 32768
17768 32768
16768 32768
15768 32768
14768 32768
13768 32768
12768 32768
11768 32768
10768 32768
9768 32768
8768 32768
7768 32768
6768 32768
5768 32768
4768 32768
3768 32768
2768 32768
1768 32768
768 32768
-232 32768
-1232 32768
-2232 32768
-3232 32768
-4232 32768
-5232 32768
-6232 32768
-7232 32768
-8232 32768
-9232 32768
-10232 32768
-11232 32768
-12232 32768
-13232 32768
-14232 32768
-15232 32768
-16232 32768
-17232 32768
-18232 32768
-19232 32768
-20232 32768
-21232 32768
-22232 32768
-23232 32768
-24232 32768
-25232 32768
-26232 32768
-27232 32768
-28232 32768
-29232 32768
-30232 32768
-31232 32768
-32232 32768
-33232 32768
-34232 32768
-35232 32768
-36232 32768
-37232 32768
-38232 32768
-39232 32768
-40232 32768
-41232 32768
-42232 32768
-43232 32768
-44232 32768
-45232 32768
-46232 32768
-47232 32768
-48232 32768
-49232 32768
-50232 32768
-51232 32768
-52232 32768
-53232 32768
-54232 32768
-55232 32768
-56232 32768
-57232 32768
-58232 32768
-59232 32768
-60232 32768
-61232 32768
-62232 32768
-63232 32768
-64232 32768
-65232 32768
-66232 32768
-67232 32768
-68232 32768
100
32768 32768
31768 32768
30768 32768
29768 32768
28768 32768
27768 32768
26768 32768
25768 32768
24768 32768
23768 32768
22768 32768
21768 32768
20768 32768
19768 32768
18768 32768
17768 32768
16768 32768
15768 32768
14768 32768
13768 32768
12768 32768
11768 32768
10768 32768
9768 32768
8768 32768
7768 32768
6768 32768
5768 32768
4768 32768
3768 32768
2768 32768
1768 32768
768 32768
-232 32768
-1232 32768
-2232 32768
-3232 32768
-4232 32768
-5232 32768
-6232 32768
-7232 32768
-8232 32768
-9232 32768
-10232 32768
-11232 32768
-12232 32768
-13232 32768
-14232 32768
-15232 32768
-16232 32768
-17232 32768
-18232 32768
-19232 32768
-20232 32768
-21232 32768
-22232 32768
-23232 32768
-24232 32768
-25232 32768
-26232 32768
-27232 32768
-28232 32768
-29232 32768
-30232 32768
-31232 32768
-32232 32768
-33232 32768
-34232 32768
-35232 32768
-36232 32768
-37232 32768
-38232 32768
-39232 32768
-40232 32768
-41232 32768
-42232 32768
-43232 32768
-44232 32768
-45232 32768
-46232 32768
-47232 32768
-48232 32768
-49232 32768
-50232 32768
-51232 32768
-52232 32768
-53232 32768
-54232 32768
-55232 32768
-56232 32768
-57232 32768
-58232 32768
-59232 32768
-60232 32768
-61232 32768
-62232 32768
-63232 32768
-64232 32768
-65232 32768
-66232 32768
-67232 32768
-68232 32768
100
32768 32768
31768 32768
30768 32768
29768 32768
28768 32768
27768 32768
26768 32768
25768 32768
24768 32768
23768 32768
22768 32768
21768 32768
20768 32768
19768 32768
18768 32768
17768 32768
16768 32768
15768 32768
14768 32768
13768 32768
12768 32768
11768 32768
10768 32768
9768 32768
8768 32768
7768 32768
6768 32768
5768 32768
4768 32768
3768 32768
2768 32768
1768 32768
768 32768
-232 32768
-1232 32768
-2232 32768
-3232 32768
-4232 32768
-5232 32768
-6232 32768
-7232 32768
-8232 32768
-9232 32768
-10232 32768
-11232 32768
-12232 32768
-13232 32768
-14232 32768
-15232 32768
-16232 32768
-17232 32768
-18232 32768
-19232 32768
-20232 32768
-21232 32768
-22232 32768
-23232 32768
-24232 32768
-25232 32768
-26232 32768
-27232 32768
-28232 32768
-29232 32768
-30232 32768
-31232 32768
-32232 32768
-33232 32768
-34232 32768
-35232 32768
-36232 32768
-37232 32768
-38232 32768
-39232 32768
-40232 32768
-41232 32768
-42232 32768
-43232 32768
-44232 32768
-45232 32768
-46232 32768
-47232 32768
-48232 32768
-49232 32768
-50232 32768
-51232 32768
-52232 32768
-53232 32768
-54232 32768
-55232 32768
-56232 32768
-57232 32768
-58232 32768
-59232 32768
-60232 32768
-61232 32768
-62232 32768
-63232 32768
-64232 32768
-65232 32768
-66232 32768
-67232 32768
-68232 32768
100
32768 32768
31768 32768
30768 32768
29768 32768
28768 32768
27768 32768
26768 32768
25768 32768
24768 32768
23768 32768
22768 32768
21768 32768
20768 32768
19768 32768
18768 32768
17768 32768
16768 32768
15768 32768
14768 32768
13768 32768
12768 32768
11768 32768
10768 32768
9768 32768
8768 32768
7768 32768
6768 32768
5768 32768
4768 32768
3768 32768
2768 32768
1768 32768
768 32768
-232 32768
-1232 32768
-2232 32768
-3232 32768
-4232 32768
-5232 32768
-6232 32768
-7232 32768
-8232 32768
-9232 32768
-10232 32768
-11232 32768
-12232 32768
-13232 32768
-14232 32768
-15232 32768
-16232 32768
-17232 32768
-18232 32768
-19232 32768
-20232 32768
-21232 32768
-22232 32768
-23232 32768
-24232 32768
-25232 32768
-26232 32768
-27232 32768
-28232 32768
-29232 32768
-30232 32768
-31232 32768
-32232 32768
-33232 32768
-34232 32768
-35232 32768
-36232 32768
-37232 32768
-38232 32768
-39232 32768
-40232 32768
-41232 32768
-42232 32768
-43232 32768
-44232 32768
-45232 32768
-46232 32768
-47232 32768
-48232 32768
-49232 32768
-50232 32768
-51232 32768
-52232 32768
-53232 32768
-54232 32768
-55232 32768
-56232 32768
-57232 32768
-58232 32768
-59232 32768
-60232 32768
-61232 32768
-62232 32768
-63232 32768
-64232 32768
-65232 32768
-66232 32768
-67232 32768
-68232 32768
100
32768 32768
31768 32768
30768 32768
29768 32768
28768 32768
27768 32768
26768 32768
25768 32768
24768 32768
23768 32768
22768 32768
21768 32768
20768 32768
19768 32768
18768 32768
17768 32768
16768 32768
15768 32768
14768 32768
13768 32768
12768 32768
11768 32768
10768 32768
9768 32768
8768 32768
7768 32768
6768 32768
5768 32768
4768 32768
3768 32768
2768 32768
1768 32768
768 32768
-232 32768
-1232 32768
-2232 32768
-3232 32768
-4232 32768
-5232 32768
-6232 32768
-7232 32768
-8232 32768
-9232 32768
-10232 32768
-11232 32768
-12232 32768
-13232 32768
-14232 32768
-15232 32768
-16232 32768
-17232 32768
-18232 32768
-19232 32768
-20232 32768
-21232 32768
-22232 32768
-23232 32768
-24232 32768
-25232 32768
-26232 32768
-27232 32768
-28232 32768
-29232 32768
-30232 32768
-31232 32768
-32232 32768
-33232 32768
-34232 32768
-35232 32768
-36232 32768
-37232 32768
-38232 32768
-39232 32768
-40232 32768
-41232 32768
-42232 32768
-43232 32768
-44232 32768
-45232 32768
-46232 32768
-47232 32768
-48232 32768
-49232 32768
-50232 32768
-51232 32768
-52232 32768
-53232 32768
-54232 32768
-55232 32768
-56232 32768
-57232 32768
-58232 32768
-59232 32768
-60232 32768
-61232 32768
-62232 32768
-63232 32768
-64232 32768
-65232 32768
-66232 32768
-67232 32768
-68232 32768
100
32768 32768
31768 32768
30768 32768
29768 32768
28768 32768
27768 32768
26768 32768
25768 32768
24768 32768
23768 32768
22768 32768
21768 32768
20768 32768
19768 32768
18768 32768
17768 32768
16768 32768
15768 32768
14768 32768
13768 32768
12768 32768
11768 32768
10768 32768
9768 32768
8768 32768
7768 32768
6768 32768
5768 32768
4768 32768
3768 32768
2768 32768
1768 32768
768 32768
-232 32768
-1232 32768
-2232 32768
-3232 32768
-4232 32768
-5232 32768
-6232 32768
-7232 32768
-8232 32768
-9232 32768
-10232 32768
-11232 32768
-12232 32768
-13232 32768
-14232 32768
-15232 32768
-16232 32768
-17232 32768
-18232 32768
-19232 32768
-20232 32768
-21232 32768
-22232 32768
-23232 32768
-24232 32768
-25232 32768
-26232 32768
-27232 32768
-28232 32768
-29232 32768
-30232 32768
-31232 32768
-32232 32768
-33232 32768
-34232 32768
-35232 32768
-36232 32768
-37232 32768
-38232 32768
-39232 32768
-40232 32768
-41232 32768
-42232 32768
-43232 32768
-44232 32768
-45232 32768
-46232 32768
-47232 32768
-48232 32768
-49232 32768
-50232 32768
-51232 32768
-52232 32768
-53232 32768
-54232 32768
-55232 32768
-56232 32768
-57232 32768
-58232 32768
-59232 32768
-60232 32768
-61232 32768
-62232 32768
-63232 32768
-64232 32768
-65232 32768
-66232 32768
-67232 32768
-68232 32768
100
32768 32768
31768 32768
30768 32768
29768 32768
28768 32768
27768 32768
26768 32768
25768 32768
24768 32768
23768 32768
22768 32768
21768 32768
20768 32768
19768 32768
18768 32768
17768 32768
16768 32768
15768 32768
14768 32768
13768 32768
12768 32768
11768 32768
10768 32768
9768 32768
8768 32768
7768 32768
6768 32768
5768 32768
4768 32768
3768 32768
2768 32768
1768 32768
768 32768
-232 32768
-1232 32768
-2232 32768
-3232 32768
-4232 32768
-5232 32768
-6232 32768
-7232 32768
-8232 32768
-9232 32768
-10232 32768
-11232 32768
-12232 32768
-13232 32768
-14232 32768
-15232 32768
-16232 32768
-17232 32768
-18232 32768
-19232 32768
-20232 32768
-21232 32768
-22232 32768
-23232 32768
-24232 32768
-25232 32768
-26232 32768
-27232 32768
-28232 32768
-29232 32768
-30232 32768
-31232 32768
-32232 32768
-33232 32768
-34232 32768
-35232 32768
-36232 32768
-37232 32768
-38232 32768
-39232 32768
-40232 32768
-41232 32768
-42232 32768
-43232 32768
-44232 32768
-45232 32768
-46232 32768
-47232 32768
-48232 32768
-49232 32768
-50232 32768
-51232 32768
-52232 32768
-53232 32768
-54232 32768
-55232 32768
-56232 32768
-57232 32768
-58232 32768
-59232 32768
-60232 32768
-61232 32768
-62232 32768
-63232 32768
-64232 32768
-65232 32768
-66232 32768
-67232 32768
-68232 32768
100
32768 32768
31768 32768
30768 32768
29768 32768
28768 32768
27768 32768
26768 32768
25768 32768
24768 32768
23768 32768
22768 32768
21768 32768
20768 32768
19768 32768
18768 32768
17768 32768
16768 32768
15768 32768
14768 32768
13768 32768
12768 32768
11768 32768
10768 32768
9768 32768
8768 32768
7768 32768
6768 32768
5768 32768
4768 32768
3768 32768
2768 32768
1768 32768
768 32768
-232 32768
-1232 32768
-2232 32768
-3232 32768
-4232 32768
-5232 32768
-6232 32768
-7232 32768
-8232 32768
-9232 32768
-10232 32768
-11232 32768
-12232 32768
-13232 32768
-14232 32768
-15232 32768
-16232 32768
-17232 32768
-18232 32768
-19232 32768
-20232 32768
-21232 32768
-22232 32768
-23232 32768
-24232 32768
-25232 32768
-26232 32768
-27232 32768
-28232 32768
-29232 32768
-30232 32768
-31232 32768
-32232 32768
-33232 32768
-34232 32768
-35232 32768
-36232 32768
-37232 32768
-38232 32768
-39232 32768
-40232 32768
-41232 32768
-42232 32768
-43232 32768
-44232 32768
-45232 32768
-46232 32768
-47232 32768
-48232 32768
-49232 32768
-50232 32768
-51232 32768
-52232 32768
-53232 32768
-54232 32768
-55232 32768
-56232 32768
-57232 32768
-58232 32768
-59232 32768
-60232 32768
-61232 32768
-62232 32768
-63232 32768
-64232 32768
-65232 32768
-66232 32768
-67232 32768
-68232 32768
100
32768 32768
31768 32768
30768 32768
29768 32768
28768 32768
27768 32768
26768 32768
25768 32768
24768 32768
23768 32768
22768 32768
21768 32768
20768 32768
19768 32768
18768 32768
17768 32768
16768 32768
15768 32768
14768 32768
13768 32768
12768 32768
11768 32768
10768 32768
9768 32768
8768 32768
7768 32768
6768 32768
5768 32768
4768 32768
3768 32768
2768 32768
1768 32768
768 32768
-232 32768
-1232 32768
-2232 32768
-3232 32768
-4232 32768
-5232 32768
-6232 32768
-7232 32768
-8232 32768
-9232 32768
-10232 32768
-11232 32768
-12232 32768
-13232 32768
-14232 32768
-15232 32768
-16232 32768
-17232 32768
-18232 32768
-19232 32768
-20232 32768
-21232 32768
-22232 32768
-23232 32768
-24232 32768
-25232 32768
-26232 32768
-27232 32768
-28232 32768
-29232 32768
-30232 32768
-31232 32768
-32232 32768
-33232 32768
-34232 32768
-35232 32768
-36232 32768
-37232 32768
-38232 32768
-39232 32768
-40232 32768
-41232 32768
-42232 32768
-43232 32768
-44232 32768
-45232 32768
-46232 32768
-47232 32768
-48232 32768
-49232 32768
-50232 32768
-51232 32768
-52232 32768
-53232 32768
-54232 32768
-55232 32768
-56232 32768
-57232 32768
-58232 32768
-59232 32768
-60232 32768
-61232 32768
-62232 32768
-63232 32768
-64232 32768
-65232 32768
-66232 32768
-67232 32768
-68232 32768
100
32768 32768
31768 32768
30768 32768
29768 32768
28768 32768
27768 32768
26768 32768
25768 32768
24768 32768
23768 32768
22768 32768
21768 32768
20768 32768
19768 32768
18768 32768
17768 32768
16768 32768
15768 32768
14768 32768
13768 32768
12768 32768
11768 32768
10768 32768
9768 32768
8768 32768
7768 32768
6768 32768
5768 32768
4768 32768
3768 32768
2768 32768
1768 32768
768 32768
-232 32768
-1232 32768
-2232 32768
-3232 32768
-4232 32768
-5232 32768
-6232 32768
-7232 32768
-8232 32768
-9232 32768
-10232 32768
-11232 32768
-12232 32768
-13232 32768
-14232 32768
-15232 32768
-16232 32768
-17232 32768
-18232 32768
-19232 32768
-20232 32768
-21232 32768
-22232 32768
-23232 32768
-24232 32768
-25232 32768
-26232 32768
-27232 32768
-28232 32768
-29232 32768
-30232 32768
-31232 32768
-32232 32768
-33232 32768
-34232 32768
-35232 32768
-36232 32768
-37232 32768
-38232 32768
-39232 32768
-40232 32768
-41232 32768
-42232 32768
-43232 32768
-44232 32768
-45232 32768
-46232 32768
-47232 32768
-48232 32768
-49232 32768
-50232 32768
-51232 32768
-52232 32768
-53232 32768
-54232 32768
-55232 32768
-56232 32768
-57232 32768
-58232 32768
-59232 32768
-60232 32768
-61232 32768
-62232 32768
-63232 32768
-64232 32768
-65232 32768
-66232 32768
-67232 32768
-68232 32768
100
32768 32768
31768 32768
30768 32768
29768 32768
28768 32768
27768 32768
26768 32768
25768 32768
24768 32768
23768 32768
22768 32768
21768 32768
20768 32768
19768 32768
18768 32768
17768 32768
16768 32768
15768 32768
14768 32768
13768 32768
12768 32768
11768 32768
10768 32768
9768 32768
8768 32768
7768 32768
6768 32768
5768 32768
4768 32768
3768 32768
2768 32768
1768 32768
768 32768
-232 32768
-1232 32768
-2232 32768
-3232 32768
-4232 32768
-5232 32768
-6232 32768
-7232 32768
-8232 32768
-9232 32768
-10232 32768
-11232 32768
-12232 32768
-13232 32768
-14232 32768
-15232 32768
-16232 32768
-17232 32768
-18232 32768
-19232 32768
-20232 32768
-21232 32768
-22232 32768
-23232 32768
-24232 32768
-25232 32768
-26232 32768
-27232 32768
-28232 32768
-29232 32768
-30232 32768
-31232 32768
-32232 32768
-33232 32768
-34232 32768
-35232 32768
-36232 32768
-37232 32768
-38232 32768
-39232 32768
-40232 32768
-41232 32768
-42232 32768
-43232 32768
-44232 32768
-45232 32768
-46232 32768
-47232 32768
-48232 32768
-49232 32768
-50232 32768
-51232 32768
-52232 32768
-53232 32768
-54232 32768
-55232 32768
-56232 32768
-57232 32768
-58232 32768
-59232 32768
-60232 32768
-61232 32768
-62232 32768
-63232 32768
-64232 32768
-65232 32768
-66232 32768
-67232 32768
-68232 32768
100
32768 32768
31768 32768
30768 32768
29768 32768
28768 32768
27768 32768
26768 32768
25768 32768
24768 32768
23768 32768
22768 32768
21768 32768
20768 32768
19768 32768
18768 32768
17768 32768
16768 32768
15768 32768
14768 32768
13768 32768
12768 32768
11768 32768
10768 32768
9768 32768
8768 32768
7768 32768
6768 32768
5768 32768
4768 32768
3768 32768
2768 32768
1768 32768
768 32768
-232 32768
-1232 32768
-2232 32768
-3232 32768
-4232 32768
-5232 32768
-6232 32768
-7232 32768
-8232 32768
-9232 32768
-10232 32768
-11232 32768
-12232 32768
-13232 32768
-14232 32768
-15232 32768
-16232 32768
-17232 32768
-18232 32768
-19232 32768
-20232 32768
-21232 32768
-22232 32768
-23232 32768
-24232 32768
-25232 32768
-26232 32768
-27232 32768
-28232 32768
-29232 32768
-30232 32768
-31232 32768
-32232 32768
-33232 32768
-34232 32768
-35232 32768
-36232 32768
-37232 32768
-38232 32768
-39232 32768
-40232 32768
-41232 32768
-42232 32768
-43232 32768
-44232 32768
-45232 32768
-46232 32768
-47232 32768
-48232 32768
-49232 32768
-50232 32768
-51232 32768
-52232 32768
-53232 32768
-54232 32768
-55232 32768
-56232 32768
-57232 32768
-58232 32768
-59232 32768
-60232 32768
-61232 32768
-62232 32768
-63232 32768
-64232 32768
-65232 32768
-66232 32768
-67232 32768
-68232 32768
100
32768 32768
31768 32768
30768 32768
29768 32768
28768 32768
27768 32768
26768 32768
25768 32768
24768 32768
23768 32768
22768 32768
21768 32768
20768 32768
19768 32768
18768 32768
17768 32768
16768 32768
15768 32768
14768 32768
13768 32768
12768 32768
11768 32768
10768 32768
9768 32768
8768 32768
7768 32768
6768 32768
5768 32768
4768 32768
3768 32768
2768 32768
1768 32768
768 32768
-232 32768
-1232 32768
-2232 32768
-3232 32768
-4232 32768
-5232 32768
-6232 32768
-7232 32768
-8232 32768
-9232 32768
-10232 32768
-11232 32768
-12232 32768
-13232 32768
-14232 32768
-15232 32768
-16232 32768
-17232 32768
-18232 32768
-19232 32768
-20232 32768
-21232 32768
-22232 32768
-23232 32768
-24232 32768
-25232 32768
-26232 32768
-27232 32768
-28232 32768
-29232 32768
-30232 32768
-31232 32768
-32232 32768
-33232 32768
-34232 32768
-35232 32768
-36232 32768
-37232 32768
-38232 32768
-39232 32768
-40232 32768
-41232 32768
-42232 32768
-43232 32768
-44232 32768
-45232 32768
-46232 32768
-47232 32768
-48232 32768
-49232 32768
-50232 32768
-51232 32768
-52232 32768
-53232 32768
-54232 32768
-55232 32768
-56232 32768
-57232 32768
-58232 32768
-59232 32768
-60232 32768
-61232 32768
-62232 32768
-63232 32768
-64232 32768
-65232 32768
-66232 32768
-67232 32768
-68232 32768
100
32768 32768
31768 32768
30768 32768
29768 32768
28768 32768
27768 32768
26768 32768
25768 32768
24768 32768
23768 32768
22768 32768
21768 32768
20768 32768
19768 32768
18768 32768
17768 32768
16768 32768
15768 32768
14768 32768
13768 32768
12768 32768
11768 32768
10768 32768
9768 32768
8768 32768
7768 32768
6768 32768
5768 32768
4768 32768
3768 32768
2768 32768
1768 32768
768 32768
-232 32768
-1232 32768
-2232 32768
-3232 32768
-4232 32768
-5232 32768
-6232 32768
-7232 32768
-8232 32768
-9232 32768
-10232 32768
-11232 32768
-12232 32768
-13232 32768
-14232 32768
-15232 32768
-16232 32768
-17232 32768
-18232 32768
-19232 32768
-20232 32768
-21232 32768
-22232 32768
-23232 32768
-24232 32768
-25232 32768
-26232 32768
-27232 32768
-28232 32768
-29232 32768
-30232 32768
-31232 32768
-32232 32768
-33232 32768
-34232 32768
-35232 32768
-36232 32768
-37232 32768
-38232 32768
-39232 32768
-40232 32768
-41232 32768
-42232 32768
-43232 32768
-44232 32768
-45232 32768
-46232 32768
-47232 32768
-48232 32768
-49232 32768
-50232 32768
-51232 32768
-52232 32768
-53232 32768
-54232 32768
-55232 32768
-56232 32768
-57232 32768
-58232 32768
-59232 32768
-60232 32768
-61232 32768
-62232 32768
-63232 32768
-64232 32768
-65232 32768
-66232 32768
-67232 32768
-68232 32768
100
32768 32768
31768 32768
30768 32768
29768 32768
28768 32768
27768 32768
26768 32768
25768 32768
24768 32768
23768 32768
22768 32768
21768 32768
20768 32768
19768 32768
18768 32768
17768 32768
16768 32768
15768 32768
14768 32768
13768 32768
12768 32768
11768 32768
10768 32768
9768 32768
8768 32768
7768 32768
6768 32768
5768 32768
4768 32768
3768 32768
2768 32768
1768 32768
768 32768
-232 32768
-1232 32768
-2232 32768
-3232 32768
-4232 32768
-5232 32768
-6232 32768
-7232 32768
-8232 32768
-9232 32768
-10232 32768
-11232 32768
-12232 32768
-13232 32768
-14232 32768
-15232 32768
-16232 32768
-17232 32768
-18232 32768
-19232 32768
-20232 32768
-21232 32768
-22232 32768
-23232 32768
-24232 32768
-25232 32768
-26232 32768
-27232 32768
-28232 32768
-29232 32768
-30232 32768
-31232 32768
-32232 32768
-33232 32768
-34232 32768
-35232 32768
-36232 32768
-37232 32768
-38232 32768
-39232 32768
-40232 32768
-41232 32768
-42232 32768
-43232 32768
-44232 32768
-45232 32768
-46232 32768
-47232 32768
-48232 32768
-49232 32768
-50232 32768
-51232 32768
-52232 32768
-53232 32768
-54232 32768
-55232 32768
-56232 32768
-57232 32768
-58232 32768
-59232 32768
-60232 32768
-61232 32768
-62232 32768
-63232 32768
-64232 32768
-65232 32768
-66232 32768
-67232 32768
-68232 32768
100
32768 32768
31768 32768
30768 32768
29768 32768
28768 32768
27768 32768
26768 32768
25768 32768
24768 32768
23768 32768
22768 32768
21768 32768
20768 32768
19768 32768
18768 32768
17768 32768
16768 32768
15768 32768
14768 32768
13768 32768
12768 32768
11768 32768
10768 32768
9768 32768
8768 32768
7768 32768
6768 32768
5768 32768
4768 32768
3768 32768
2768 32768
1768 32768
768 32768
-232 32768
-1232 32768
-2232 32768
-3232 32768
-4232 32768
-5232 32768
-6232 32768
-7232 32768
-8232 32768
-9232 32768
-10232 32768
-11232 32768
-12232 32768
-13232 32768
-14232 32768
-15232 32768
-16232 32768
-17232 32768
-18232 32768
-19232 32768
-20232 32768
-21232 32768
-22232 32768
-23232 32768
-24232 32768
-25232 32768
-26232 32768
-27232 32768
-28232 32768
-29232 32768
-30232 32768
-31232 32768
-32232 32768
-33232 32768
-34232 32768
-35232 32768
-36232 32768
-37232 32768
-38232 32768
-39232 32768
-40232 32768
-41232 32768
-42232 32768
-43232 32768
-44232 32768
-45232 32768
-46232 32768
-47232 32768
-48232 32768
-49232 32768
-50232 32768
-51232 32768
-52232 32768
-53232 32768
-54232 32768
-55232 32768
-56232 32768
-57232 32768
-58232 32768
-59232 32768
-60232 32768
-61232 32768
-62232 32768
-63232 32768
-64232 32768
-65232 32768
-66232 32768
-67232 32768
-68232 32768
100
32768 32768
31768 32768
30768 32768
29768 32768
28768 32768
27768 32768
26768 32768
25768 32768
24768 32768
23768 32768
22768 32768
21768 32768
20768 32768
19768 32768
18768 32768
17768 32768
16768 32768
15768 32768
14768 32768
13768 32768
12768 32768
11768 32768
10768 32768
9768 32768
8768 32768
7768 32768
6768 32768
5768 32768
4768 32768
3768 32768
2768 32768
1768 32768
768 32768
-232 32768
-1232 32768
-2232 32768
-3232 32768
-4232 32768
-5232 32768
-6232 32768
-7232 32768
-8232 32768
-9232 32768
-10232 32768
-11232 32768
-12232 32768
-13232 32768
-14232 32768
-15232 32768
-16232 32768
-17232 32768
-18232 32768
-19232 32768
-20232 32768
-21232 32768
-22232 32768
-23232 32768
-24232 32768
-25232 32768
-26232 32768
-27232 32768
-28232 32768
-29232 32768
-30232 32768
-31232 32768
-32232 32768
-33232 32768
-34232 32768
-35232 32768
-36232 32768
-37232 32768
-38232 32768
-39232 32768
-40232 32768
-41232 32768
-42232 32768
-43232 32768
-44232 32768
-45232 32768
-46232 32768
-47232 32768
-48232 32768
-49232 32768
-50232 32768
-51232 32768
-52232 32768
-53232 32768
-54232 32768
-55232 32768
-56232 32768
-57232 32768
-58232 32768
-59232 32768
-60232 32768
-61232 32768
-62232 32768
-63232 32768
-64232 32768
-65232 32768
-66232 32768
-67232 32768
-68232 32768
100
32768 32768
31768 32768
30768 32768
29768 32768
28768 32768
27768 32768
26768 32768
25768 32768
24768 32768
23768 32768
22768 32768
21768 32768
20768 32768
19768 32768
18768 32768
17768 32768
16768 32768
15768 32768
14768 32768
13768 32768
12768 32768
11768 32768
10768 32768
9768 32768
8768 32768
7768 32768
6768 32768
5768 32768
4768 32768
3768 32768
2768 32768
1768 32768
768 32768
-232 32768
-1232 32768
-2232 32768
-3232 32768
-4232 32768
-5232 32768
-6232 32768
-7232 32768
-8232 32768
-9232 32768
-10232 32768
-11232 32768
-12232 32768
-13232 32768
-14232 32768
-15232 32768
-16232 32768
-17232 32768
-18232 32768
-19232 32768
-20232 32768
-21232 32768
-22232 32768
-23232 32768
-24232 32768
-25232 32768
-26232 32768
-27232 32768
-28232 32768
-29232 32768
-30232 32768
-31232 32768
-32232 32768
-33232 32768
-34232 32768
-35232 32768
-36232 32768
-37232 32768
-38232 32768
-39232 32768
-40232 32768
-41232 32768
-42232 32768
-43232 32768
-44232 32768
-45232 32768
-46232 32768
-47232 32768
-48232 32768
-49232 32768
-50232 32768
-51232 32768
-52232 32768
-53232 32768
-54232 32768
-55232 32768
-56232 32768
-57232 32768
-58232 32768
-59232 32768
-60232 32768
-61232 32768
-62232 32768
-63232 32768
-64232 32768
-65232 32768
-66232 32768
-67232 32768
-68232 32768
100
32768 32768
31768 32768
30768 32768
29768 32768
28768 32768
27768 32768
26768 32768
25768 32768
24768 32768
23768 32768
22768 32768
21768 32768
20768 32768
19768 32768
18768 32768
17768 32768
16768 32768
15768 32768
14768 32768
13768 32768
12768 32768
11768 32768
10768 32768
9768 32768
8768 32768
7768 32768
6768 32768
5768 32768
4768 32768
3768 32768
2768 32768
1768 32768
768 32768
-232 32768
-1232 32768
-2232 32768
-3232 32768
-4232 32768
-5232 32768
-6232 32768
-7232 32768
-8232 32768
-9232 32768
-10232 32768
-11232 32768
-12232 32768
-13232 32768
-14232 32768
-15232 32768
-16232 32768
-17232 32768
-18232 32768
-19232 32768
-20232 32768
-21232 32768
-22232 32768
-23232 32768
-24232 32768
-25232 32768
-26232 32768
-27232 32768
-28232 32768
-29232 32768
-30232 32768
-31232 32768
-32232 32768
-33232 32768
-34232 32768
-35232 32768
-36232 32768
-37232 32768
-38232 32768
-39232 32768
-40232 32768
-41232 32768
-42232 32768
-43232 32768
-44232 32768
-45232 32768
-46232 32768
-47232 32768
-48232 32768
-49232 32768
-50232 32768
-51232 32768
-52232 32768
-53232 32768
-54232 32768
-55232 32768
-56232 32768
-57232 32768
-58232 32768
-59232 32768
-60232 32768
-61232 32768
-62232 32768
-63232 32768
-64232 32768
-65232 32768
-66232 32768
-67232 32768
-68232 32768
100
32768 32768
31768 32768
30768 32768
29768 32768
28768 32768
27768 32768
26768 32768
25768 32768
24768 32768
23768 32768
22768 32768
21768 32768
20768 32768
19768 32768
18768 32768
17768 32768
16768 32768
15768 32768
14768 32768
13768 32768
12768 32768
11768 32768
10768 32768
9768 32768
8768 32768
7768 32768
6768 32768
5768 32768
4768 32768
3768 32768
2768 32768
1768 32768
768 32768
-232 32768
-1232 32768
-2232 32768
-3232 32768
-4232 32768
-5232 32768
-6232 32768
-7232 32768
-8232 32768
-9232 32768
-10232 32768
-11232 32768
-12232 32768
-13232 32768
-14232 32768
-15232 32768
-16232 32768
-17232 32768
-18232 32768
-19232 32768
-20232 32768
-21232 32768
-22232 32768
-23232 32768
-24232 32768
-25232 32768
-26232 32768
-27232 32768
-28232 32768
-29232 32768
-30232 32768
-31232 32768
-32232 32768
-33232 32768
-34232 32768
-35232 32768
-36232 32768
-37232 32768
-38232 32768
-39232 32768
-40232 32768
-41232 32768
-42232 32768
-43232 32768
-44232 32768
-45232 32768
-46232 32768
-47232 32768
-48232 32768
-49232 32768
-50232 32768
-51232 32768
-52232 32768
-53232 32768
-54232 32768
-55232 32768
-56232 32768
-57232 32768
-58232 32768
-59232 32768
-60232 32768
-61232 32768
-62232 32768
-63232 32768
-64232 32768
-65232 32768
-66232 32768
-67232 32768
-68232 32768
100
32768 32768
31768 32768
30768 32768
29768 32768
28768 32768
27768 32768
26768 32768
25768 32768
24768 32768
23768 32768
22768 32768
21768 32768
20768 32768
19768 32768
18768 32768
17768 32768
16768 32768
15768 32768
14768 32768
13768 32768
12768 32768
11768 32768
10768 32768
9768 32768
8768 32768
7768 32768
6768 32768
5768 32768
4768 32768
3768 32768
2768 32768
1768 32768
768 32768
-232 32768
-1232 32768
-2232 32768
-3232 32768
-4232 32768
-5232 32768
-6232 32768
-7232 32768
-8232 32768
-9232 32768
-10232 32768
-11232 32768
-12232 32768
-13232 32768
-14232 32768
-15232 32768
-16232 32768
-17232 32768
-18232 32768
-19232 32768
-20232 32768
-21232 32768
-22232 32768
-23232 32768
-24232 32768
-25232 32768
-26232 32768
-27232 32768
-28232 32768
-29232 32768
-30232 32768
-31232 32768
-32232 32768
-33232 32768
-34232 32768
-35232 32768
-36232 32768
-37232 32768
-38232 32768
-39232 32768
-40232 32768
-41232 32768
-42232 32768
-43232 32768
-44232 32768
-45232 32768
-46232 32768
-47232 32768
-48232 32768
-49232 32768
-50232 32768
-51232 32768
-52232 32768
-53232 32768
-54232 32768
-55232 32768
-56232 32768
-57232 32768
-58232 32768
-59232 32768
-60232 32768
-61232 32768
-62232 32768
-63232 32768
-64232 32768
-65232 32768
-66232 32768
-67232 32768
-68232 32768
100
32768 32768
31768 32768
30768 32768
29768 32768
28768 32768
27768 32768
26768 32768
25768 32768
24768 32768
23768 32768
22768 32768
21768 32768
20768 32768
19768 32768
18768 32768
17768 32768
16768 32768
15768 32768
14768 32768
13768 32768
12768 32768
11768 32768
10768 32768
9768 32768
8768 32768
7768 32768
6768 32768
5768 32768
4768 32768
3768 32768
2768 32768
1768 32768
768 32768
-232 32768
-1232 32768
-2232 32768
-3232 32768
-4232 32768
-5232 32768
-6232 32768
-7232 32768
-8232 32768
-9232 32768
-10232 32768
-11232 32768
-12232 32768
-13232 32768
-14232 32768
-15232 32768
-16232 32768
-17232 32768
-18232 32768
-19232 32768
-20232 32768
-21232 32768
-22232 32768
-23232 32768
-24232 32768
-25232 32768
-26232 32768
-27232 32768
-28232 32768
-29232 32768
-30232 32768
-31232 32768
-32232 32768
-33232 32768
-34232 32768
-35232 32768
-36232 32768
-37232 32768
-38232 32768
-39232 32768
-40232 32768
-41232 32768
-42232 32768
-43232 32768
-44232 32768
-45232 32768
-46232 32768
-47232 32768
-48232 32768
-49232 32768
-50232 32768
-51232 32768
-52232 32768
-53232 32768
-54232 32768
-55232 32768
-56232 32768
-57232 32768
-58232 32768
-59232 32768
-60232 32768
-61232 32768
-62232 32768
-63232 32768
-64232 32768
-65232 32768
-66232 32768
-67232 32768
-68232 32768
100
32768 32768
31768 32768
30768 32768
29768 32768
28768 32768
27768 32768
26768 32768
25768 32768
24768 32768
23768 32768
22768 32768
21768 32768
20768 32768
19768 32768
18768 32768
17768 32768
16768 32768
15768 32768
14768 32768
13768 32768
12768 32768
11768 32768
10768 32768
9768 32768
8768 32768
7768 32768
6768 32768
5768 32768
4768 32768
3768 32768
2768 32768
1768 32768
768 32768
-232 32768
-1232 32768
-2232 32768
-3232 32768
-4232 32768
-5232 32768
-6232 32768
-7232 32768
-8232 32768
-9232 32768
-10232 32768
-11232 32768
-12232 32768
-13232 32768
-14232 32768
-15232 32768
-16232 32768
-17232 32768
-18232 32768
-19232 32768
-20232 32768
-21232 32768
-22232 32768
-23232 32768
-24232 32768
-25232 32768
-26232 32768
-27232 32768
-28232 32768
-29232 32768
-30232 32768
-31232 32768
-32232 32768
-33232 32768
-34232 32768
-35232 32768
-36232 32768
-37232 32768
-38232 32768
-39232 32768
-40232 32768
-41232 32768
-42232 32768
-43232 32768
-44232 32768
-45232 32768
-46232 32768
-47232 32768
-48232 32768
-49232 32768
-50232 32768
-51232 32768
-52232 32768
-53232 32768
-54232 32768
-55232 32768
-56232 32768
-57232 32768
-58232 32768
-59232 32768
-60232 32768
-61232 32768
-62232 32768
-63232 32768
-64232 32768
-65232 32768
-66232 32768
-67232 32768
-68232 32768
100
32768 32768
31768 32768
30768 32768
29768 32768
28768 32768
27768 32768
26768 32768
25768 32768
24768 32768
23768 32768
22768 32768
21768 32768
20768 32768
19768 32768
18768 32768
17768 32768
16768 32768
15768 32768
14768 32768
13768 32768
12768 32768
11768 32768
10768 32768
9768 32768
8768 32768
7768 32768
6768 32768
5768 32768
4768 32768
3768 32768
2768 32768
1768 32768
768 32768
-232 32768
-1232 32768
-2232 32768
-3232 32768
-4232 32768
-5232 32768
-6232 32768
-7232 32768
-8232 32768
-9232 32768
-10232 32768
-11232 32768
-12232 32768
-13232 32768
-14232 32768
-15232 32768
-16232 32768
-17232 32768
-18232 32768
-19232 32768
-20232 32768
-21232 32768
-22232 32768
-23232 32768
-24232 32768
-25232 32768
-26232 32768
-27232 32768
-28232 32768
-29232 32768
-30232 32768
-31232 32768
-32232 32768
-33232 32768
-34232 32768
-35232 32768
-36232 32768
-37232 32768
-38232 32768
-39232 32768
-40232 32768
-41232 32768
-42232 32768
-43232 32768
-44232 32768
-45232 32768
-46232 32768
-47232 32768
-48232 32768
-49232 32768
-50232 32768
-51232 32768
-52232 32768
-53232 32768
-54232 32768
-55232 32768
-56232 32768
-57232 32768
-58232 32768
-59232 32768
-60232 32768
-61232 32768
-62232 32768
-63232 32768
-64232 32768
-65232 32768
-66232 32768
-67232 32768
-68232 32768
100
32768 32768
31768 32768
30768 32768
29768 32768
28768 32768
27768 32768
26768 32768
25768 32768
24768 32768
23768 32768
22768 32768
21768 32768
20768 32768
19768 32768
18768 32768
17768 32768
16768 32768
15768 32768
14768 32768
13768 32768
12768 32768
11768 32768
10768 32768
9768 32768
8768 32768
7768 32768
6768 32768
5768 32768
4768 32768
3768 32768
2768 32768
1768 32768
768 32768
-232 32768
-1232 32768
-2232 32768
-3232 32768
-4232 32768
-5232 32768
-6232 32768
-7232 32768
-8232 32768
-9232 32768
-10232 32768
-11232 32768
-12232 32768
-13232 32768
-14232 32768
-15232 32768
-16232 32768
-17232 32768
-18232 32768
-19232 32768
-20232 32768
-21232 32768
-22232 32768
-23232 32768
-24232 32768
-25232 32768
-26232 32768
-27232 32768
-28232 32768
-29232 32768
-30232 32768
-31232 32768
-32232 32768
-33232 32768
-34232 32768
-35232 32768
-36232 32768
-37232 32768
-38232 32768
-39232 32768
-40232 32768
-41232 32768
-42232 32768
-43232 32768
-44232 32768
-45232 32768
-46232 32768
-47232 32768
-48232 32768
-49232 32768
-50232 32768
-51232 32768
-52232 32768
-53232 32768
-54232 32768
-55232 32768
-56232 32768
-57232 32768
-58232 32768
-59232 32768
-60232 32768
-61232 32768
-62232 32768
-63232 32768
-64232 32768
-65232 32768
-66232 32768
-67232 32768
-68232 32768
